MY_ACCOUNT_ID = 0.0.48463473
MY_PRIVATE_KEY = 0cef0de53cda0b4c0bca233c6ffd8e1ad9d944eeb8615a7467afd33403731cc9

OPERATOR_ID = 0.0.48463473
OPERATOR_PVKEY = 0cef0de53cda0b4c0bca233c6ffd8e1ad9d944eeb8615a7467afd33403731cc9

TREASURY_ID = 0.0.48463473
TREASURY_PVKEY = 0cef0de53cda0b4c0bca233c6ffd8e1ad9d944eeb8615a7467afd33403731cc9

ALICE_ID = 0.0.48520832
ALICE_PVKEY = 302e020100300506032b657004220420e770fa34a5c148d75b581577da429064e2516f1255d1df895689d8a7c5534f8a

PREVIEWNET_ACCOUNT_ID = 0.0.48463473
PREVIEWNET_PRIVATE_KEY = 0cef0de53cda0b4c0bca233c6ffd8e1ad9d944eeb8615a7467afd33403731cc9

ACCOUNT_ID = 0.0.48463473
PRIVATE_KEY = 0cef0de53cda0b4c0bca233c6ffd8e1ad9d944eeb8615a7467afd33403731cc9