MY_ACCOUNT_ID = 0.0.48463473
MY_PRIVATE_KEY = 0cef0de53cda0b4c0bca233c6ffd8e1ad9d944eeb8615a7467afd33403731cc9

OPERATOR_ID = 0.0.48463473
OPERATOR_PVKEY = 0cef0de53cda0b4c0bca233c6ffd8e1ad9d944eeb8615a7467afd33403731cc9

TREASURY_ID = 0.0.48463473
TREASURY_PVKEY = 0cef0de53cda0b4c0bca233c6ffd8e1ad9d944eeb8615a7467afd33403731cc9

ALICE_ID = 0.0.48465300
ALICE_PVKEY = 302e020100300506032b6570042204201008dd0e53456ca1141c60b3b482746141e4eb27c361da8081786414bf44ef9d