MY_ACCOUNT_ID = 0.0.48463473
MY_PRIVATE_KEY = 0cef0de53cda0b4c0bca233c6ffd8e1ad9d944eeb8615a7467afd33403731cc9

OPERATOR_ID = 0.0.48463473
OPERATOR_PVKEY = 0cef0de53cda0b4c0bca233c6ffd8e1ad9d944eeb8615a7467afd33403731cc9

TREASURY_ID = 0.0.48463473
TREASURY_PVKEY = 0cef0de53cda0b4c0bca233c6ffd8e1ad9d944eeb8615a7467afd33403731cc9

ALICE_ID = 0.0.48463473
ALICE_PVKEY = 0cef0de53cda0b4c0bca233c6ffd8e1ad9d944eeb8615a7467afd33403731cc9